# nx = 30
# nz = 30
# dx = 5.0
# dz = 5.0
# x0 = 0.0
# z0 = 0.0
# velocity units: m/s
# format: each row is a depth slice (z constant), columns are x
1998.5460 1997.8548 1996.9218 1995.7041 1994.1688 1992.3017 1990.1152 1987.6554 1985.0058 1982.2864 1979.6472 1977.2553 1975.2787 1973.8665 1973.1304 1973.1304 1973.8665 1975.2787 1977.2553 1979.6472 1982.2864 1985.0058 1987.6554 1990.1152 1992.3017 1994.1688 1995.7041 1996.9218 1997.8548 1998.5460
1997.8548 1996.8351 1995.4587 1993.6621 1991.3970 1988.6424 1985.4166 1981.7875 1977.8784 1973.8665 1969.9727 1966.4439 1963.5277 1961.4441 1960.3581 1960.3581 1961.4441 1963.5277 1966.4439 1969.9727 1973.8665 1977.8784 1981.7875 1985.4166 1988.6424 1991.3970 1993.6621 1995.4587 1996.8351 1997.8548
1996.9218 1995.4587 1993.4835 1990.9056 1987.6554 1983.7027 1979.0739 1973.8665 1968.2573 1962.5004 1956.9131 1951.8496 1947.6651 1944.6753 1943.1170 1943.1170 1944.6753 1947.6651 1951.8496 1956.9131 1962.5004 1968.2573 1973.8665 1979.0739 1983.7027 1987.6554 1990.9056 1993.4835 1995.4587 1996.9218
1995.7041 1993.6621 1990.9056 1987.3077 1982.7717 1977.2553 1970.7953 1963.5277 1955.6995 1947.6651 1939.8674 1932.8006 1926.9607 1922.7882 1920.6133 1920.6133 1922.7882 1926.9607 1932.8006 1939.8674 1947.6651 1955.6995 1963.5277 1970.7953 1977.2553 1982.7717 1987.3077 1990.9056 1993.6621 1995.7041
1994.1688 1991.3970 1987.6554 1982.7717 1976.6147 1969.1269 1960.3581 1950.4933 1939.8674 1928.9617 1918.3772 1908.7850 1900.8581 1895.1943 1892.2422 1892.2422 1895.1943 1900.8581 1908.7850 1918.3772 1928.9617 1939.8674 1950.4933 1960.3581 1969.1269 1976.6147 1982.7717 1987.6554 1991.3970 1994.1688
1992.3017 1988.6424 1983.7027 1977.2553 1969.1269 1959.2415 1947.6651 1934.6416 1920.6133 1906.2157 1892.2422 1879.5786 1869.1135 1861.6363 1857.7390 1857.7390 1861.6363 1869.1135 1879.5786 1892.2422 1906.2157 1920.6133 1934.6416 1947.6651 1959.2415 1969.1269 1977.2553 1983.7027 1988.6424 1992.3017
1990.1152 1985.4166 1979.0739 1970.7953 1960.3581 1947.6651 1932.8006 1916.0782 1898.0655 1879.5786 1861.6363 1845.3759 1831.9384 1822.3375 1817.3332 1817.3332 1822.3375 1831.9384 1845.3759 1861.6363 1879.5786 1898.0655 1916.0782 1932.8006 1947.6651 1960.3581 1970.7953 1979.0739 1985.4166 1990.1152
1987.6554 1981.7875 1973.8665 1963.5277 1950.4933 1934.6416 1916.0782 1895.1943 1872.6992 1849.6119 1827.2046 1806.8979 1790.1165 1778.1263 1771.8768 1771.8768 1778.1263 1790.1165 1806.8979 1827.2046 1849.6119 1872.6992 1895.1943 1916.0782 1934.6416 1950.4933 1963.5277 1973.8665 1981.7875 1987.6554
1985.0058 1977.8784 1968.2573 1955.6995 1939.8674 1920.6133 1898.0655 1872.6992 1845.3759 1817.3332 1790.1165 1765.4512 1745.0680 1730.5043 1722.9133 1722.9133 1730.5043 1745.0680 1765.4512 1790.1165 1817.3332 1845.3759 1872.6992 1898.0655 1920.6133 1939.8674 1955.6995 1968.2573 1977.8784 1985.0058
1982.2864 1973.8665 1962.5004 1947.6651 1928.9617 1906.2157 1879.5786 1849.6119 1817.3332 1784.2047 1752.0520 1722.9133 1698.8334 1681.6284 1672.6608 1672.6608 1681.6284 1698.8334 1722.9133 1752.0520 1784.2047 1817.3332 1849.6119 1879.5786 1906.2157 1928.9617 1947.6651 1962.5004 1973.8665 1982.2864
1979.6472 1969.9727 1956.9131 1939.8674 1918.3772 1892.2422 1861.6363 1827.2046 1790.1165 1752.0520 1715.1086 1681.6284 1653.9606 1634.1922 1623.8884 1623.8884 1634.1922 1653.9606 1681.6284 1715.1086 1752.0520 1790.1165 1827.2046 1861.6363 1892.2422 1918.3772 1939.8674 1956.9131 1969.9727 1979.6472
1977.2553 1966.4439 1951.8496 1932.8006 1908.7850 1879.5786 1845.3759 1806.8979 1765.4512 1722.9133 1681.6284 1644.2137 1613.2944 1591.2028 1579.6881 1579.6881 1591.2028 1613.2944 1644.2137 1681.6284 1722.9133 1765.4512 1806.8979 1845.3759 1879.5786 1908.7850 1932.8006 1951.8496 1966.4439 1977.2553
1975.2787 1963.5277 1947.6651 1926.9607 1900.8581 1869.1135 1831.9384 1790.1165 1745.0680 1698.8334 1653.9606 1613.2944 1579.6881 1555.6767 1543.1613 1543.1613 1555.6767 1579.6881 1613.2944 1653.9606 1698.8334 1745.0680 1790.1165 1831.9384 1869.1135 1900.8581 1926.9607 1947.6651 1963.5277 1975.2787
1973.8665 1961.4441 1944.6753 1922.7882 1895.1943 1861.6363 1822.3375 1778.1263 1730.5043 1681.6284 1634.1922 1591.2028 1555.6767 1530.2935 1517.0632 1517.0632 1530.2935 1555.6767 1591.2028 1634.1922 1681.6284 1730.5043 1778.1263 1822.3375 1861.6363 1895.1943 1922.7882 1944.6753 1961.4441 1973.8665
1973.1304 1960.3581 1943.1170 1920.6133 1892.2422 1857.7390 1817.3332 1771.8768 1722.9133 1672.6608 1623.8884 1579.6881 1543.1613 1517.0632 1503.4602 1503.4602 1517.0632 1543.1613 1579.6881 1623.8884 1672.6608 1722.9133 1771.8768 1817.3332 1857.7390 1892.2422 1920.6133 1943.1170 1960.3581 1973.1304
1973.1304 1960.3581 1943.1170 1920.6133 1892.2422 1857.7390 1817.3332 1771.8768 1722.9133 1672.6608 1623.8884 1579.6881 1543.1613 1517.0632 1503.4602 1503.4602 1517.0632 1543.1613 1579.6881 1623.8884 1672.6608 1722.9133 1771.8768 1817.3332 1857.7390 1892.2422 1920.6133 1943.1170 1960.3581 1973.1304
1973.8665 1961.4441 1944.6753 1922.7882 1895.1943 1861.6363 1822.3375 1778.1263 1730.5043 1681.6284 1634.1922 1591.2028 1555.6767 1530.2935 1517.0632 1517.0632 1530.2935 1555.6767 1591.2028 1634.1922 1681.6284 1730.5043 1778.1263 1822.3375 1861.6363 1895.1943 1922.7882 1944.6753 1961.4441 1973.8665
1975.2787 1963.5277 1947.6651 1926.9607 1900.8581 1869.1135 1831.9384 1790.1165 1745.0680 1698.8334 1653.9606 1613.2944 1579.6881 1555.6767 1543.1613 1543.1613 1555.6767 1579.6881 1613.2944 1653.9606 1698.8334 1745.0680 1790.1165 1831.9384 1869.1135 1900.8581 1926.9607 1947.6651 1963.5277 1975.2787
1977.2553 1966.4439 1951.8496 1932.8006 1908.7850 1879.5786 1845.3759 1806.8979 1765.4512 1722.9133 1681.6284 1644.2137 1613.2944 1591.2028 1579.6881 1579.6881 1591.2028 1613.2944 1644.2137 1681.6284 1722.9133 1765.4512 1806.8979 1845.3759 1879.5786 1908.7850 1932.8006 1951.8496 1966.4439 1977.2553
1979.6472 1969.9727 1956.9131 1939.8674 1918.3772 1892.2422 1861.6363 1827.2046 1790.1165 1752.0520 1715.1086 1681.6284 1653.9606 1634.1922 1623.8884 1623.8884 1634.1922 1653.9606 1681.6284 1715.1086 1752.0520 1790.1165 1827.2046 1861.6363 1892.2422 1918.3772 1939.8674 1956.9131 1969.9727 1979.6472
1982.2864 1973.8665 1962.5004 1947.6651 1928.9617 1906.2157 1879.5786 1849.6119 1817.3332 1784.2047 1752.0520 1722.9133 1698.8334 1681.6284 1672.6608 1672.6608 1681.6284 1698.8334 1722.9133 1752.0520 1784.2047 1817.3332 1849.6119 1879.5786 1906.2157 1928.9617 1947.6651 1962.5004 1973.8665 1982.2864
1985.0058 1977.8784 1968.2573 1955.6995 1939.8674 1920.6133 1898.0655 1872.6992 1845.3759 1817.3332 1790.1165 1765.4512 1745.0680 1730.5043 1722.9133 1722.9133 1730.5043 1745.0680 1765.4512 1790.1165 1817.3332 1845.3759 1872.6992 1898.0655 1920.6133 1939.8674 1955.6995 1968.2573 1977.8784 1985.0058
1987.6554 1981.7875 1973.8665 1963.5277 1950.4933 1934.6416 1916.0782 1895.1943 1872.6992 1849.6119 1827.2046 1806.8979 1790.1165 1778.1263 1771.8768 1771.8768 1778.1263 1790.1165 1806.8979 1827.2046 1849.6119 1872.6992 1895.1943 1916.0782 1934.6416 1950.4933 1963.5277 1973.8665 1981.7875 1987.6554
1990.1152 1985.4166 1979.0739 1970.7953 1960.3581 1947.6651 1932.8006 1916.0782 1898.0655 1879.5786 1861.6363 1845.3759 1831.9384 1822.3375 1817.3332 1817.3332 1822.3375 1831.9384 1845.3759 1861.6363 1879.5786 1898.0655 1916.0782 1932.8006 1947.6651 1960.3581 1970.7953 1979.0739 1985.4166 1990.1152
1992.3017 1988.6424 1983.7027 1977.2553 1969.1269 1959.2415 1947.6651 1934.6416 1920.6133 1906.2157 1892.2422 1879.5786 1869.1135 1861.6363 1857.7390 1857.7390 1861.6363 1869.1135 1879.5786 1892.2422 1906.2157 1920.6133 1934.6416 1947.6651 1959.2415 1969.1269 1977.2553 1983.7027 1988.6424 1992.3017
1994.1688 1991.3970 1987.6554 1982.7717 1976.6147 1969.1269 1960.3581 1950.4933 1939.8674 1928.9617 1918.3772 1908.7850 1900.8581 1895.1943 1892.2422 1892.2422 1895.1943 1900.8581 1908.7850 1918.3772 1928.9617 1939.8674 1950.4933 1960.3581 1969.1269 1976.6147 1982.7717 1987.6554 1991.3970 1994.1688
1995.7041 1993.6621 1990.9056 1987.3077 1982.7717 1977.2553 1970.7953 1963.5277 1955.6995 1947.6651 1939.8674 1932.8006 1926.9607 1922.7882 1920.6133 1920.6133 1922.7882 1926.9607 1932.8006 1939.8674 1947.6651 1955.6995 1963.5277 1970.7953 1977.2553 1982.7717 1987.3077 1990.9056 1993.6621 1995.7041
1996.9218 1995.4587 1993.4835 1990.9056 1987.6554 1983.7027 1979.0739 1973.8665 1968.2573 1962.5004 1956.9131 1951.8496 1947.6651 1944.6753 1943.1170 1943.1170 1944.6753 1947.6651 1951.8496 1956.9131 1962.5004 1968.2573 1973.8665 1979.0739 1983.7027 1987.6554 1990.9056 1993.4835 1995.4587 1996.9218
1997.8548 1996.8351 1995.4587 1993.6621 1991.3970 1988.6424 1985.4166 1981.7875 1977.8784 1973.8665 1969.9727 1966.4439 1963.5277 1961.4441 1960.3581 1960.3581 1961.4441 1963.5277 1966.4439 1969.9727 1973.8665 1977.8784 1981.7875 1985.4166 1988.6424 1991.3970 1993.6621 1995.4587 1996.8351 1997.8548
1998.5460 1997.8548 1996.9218 1995.7041 1994.1688 1992.3017 1990.1152 1987.6554 1985.0058 1982.2864 1979.6472 1977.2553 1975.2787 1973.8665 1973.1304 1973.1304 1973.8665 1975.2787 1977.2553 1979.6472 1982.2864 1985.0058 1987.6554 1990.1152 1992.3017 1994.1688 1995.7041 1996.9218 1997.8548 1998.5460
